tweakreg/CEERS_EGS_HST_v1.9_cat_radecmag.ecsv
# %ECSV 1.0
# ---
# datatype:
# - {name: RA, datatype: float64}
# - {name: DEC, datatype: float64}
# - {name: MAG, datatype: float64}
# - {name: rh, datatype: float64}
# schema: astropy-2.0
RA DEC MAG rh
[from data line 5852]
214.849941 52.7680007 26.2488 8.95
214.9058466 52.8087914 23.6813 4.55
215.1199658 52.9593396 27.1491 9.32
215.1402986 52.9751553 22.3835 4.0
215.2544528 53.0543159 28.2845 9.09
215.2372281 53.0440789 21.1142 3.92
215.0273489 52.8943589 25.0734 8.57
214.7299422 52.6827132 23.9821 6.8
214.8046653 52.7369052 24.367 3.75
215.0634384 52.9201082 24.1205 4.62
215.0255418 52.8939568 23.1693 5.37
214.929059 52.8247005 24.9401 7.57
215.2721917 53.0666446 25.6253 5.83
215.0548394 52.9134752 27.1697 8.45
215.122037 52.9615562 23.5166 7.07
214.8585844 52.7747357 25.2073 4.81
215.0303687 52.8967044 24.709 4.81
214.9309191 52.8257503 27.1783 8.48
215.2285103 53.0357127 26.9203 9.07
214.9880924 52.8667356 24.5735 4.37
214.7605367 52.7064936 21.9238 4.03
214.8913629 52.7981281 24.5433 5.97
215.1818234 53.0030797 26.7868 6.63
214.7300318 52.6827054 25.3271 6.46
214.9877633 52.8663568 25.9534 6.86
214.840063 52.7612111 26.4141 7.34
214.7892859 52.7335765 15.9357 3.5
215.051576 52.9120577 23.5839 4.72
214.8833305 52.7921252 26.3368 6.41
214.8327093 52.7558552 26.5769 8.42
215.278533 53.071197 24.4769 5.24
215.2033516 53.0236615 21.4981 5.01
214.7331331 52.6885383 18.565 3.5
215.2008928 53.0165683 26.5834 4.83
214.9958512 52.8724627 24.739 5.33
214.9267878 52.823098 26.0073 5.74
214.809706 52.7396783 25.2238 7.93
214.9015217 52.8050222 26.7348 6.87
215.1224743 52.9613233 25.9803 8.64
215.2081525 53.0227533 22.6782 3.77
215.0660672 52.9220747 24.3249 5.09
215.1744702 52.9983169 24.8127 7.25
215.0949878 52.9421378 25.9441 7.26
214.99832 52.8737768 26.0817 7.22
215.258421 53.0577373 24.2965 6.91
214.9321017 52.8271392 24.9411 5.78
214.8224733 52.7490086 25.4565 6.71
215.2549764 53.0562978 22.5448 7.1
215.217235 53.0285341 24.4147 5.18
214.8846743 52.7930613 26.3084 7.87
214.9358882 52.8296031 26.0691 5.5
215.0551752 52.9138498 27.0328 9.1
215.167069 52.9928896 26.6509 7.38
214.9656376 52.8508051 25.5732 6.35
215.258401 53.0572667 25.0835 7.86
215.1494478 52.9805682 26.5419 5.49
215.2133045 53.0255566 25.3569 5.73
215.1374382 52.9774264 17.862 3.5
215.2020184 53.0179153 25.014 6.5
215.2125065 53.024982 25.787 4.49
215.2647149 53.0614338 25.8126 7.93
214.8919829 52.7982535 26.6459 8.02
214.8814221 52.790707 26.7221 9.37
215.0841674 52.9344398 26.5821 8.53
215.0886314 52.9381943 24.1068 5.01
214.8759066 52.7868222 27.1085 3.61
215.086671 52.9365125 25.5183 4.97
215.2748294 53.0686929 26.2079 5.72
214.8681872 52.7817282 24.7702 4.5
215.2764353 53.0699265 25.246 5.17
215.2110001 53.0238287 26.4894 5.89
214.9057704 52.8098328 22.9349 4.69
215.0348593 52.9001431 24.7919 5.35
215.2583401 53.0569255 26.3508 7.61
215.0640994 52.9205426 25.8168 5.12
214.8604246 52.7781723 21.495 3.77
214.8415199 52.7640833 22.242 4.59
215.0269288 52.8951793 24.2 6.16
215.0733757 52.9278316 23.0457 4.26
214.9679048 52.8525386 24.7754 7.59
214.8701481 52.7830563 25.4197 6.74
214.983141 52.8631369 26.8551 7.68
214.9551441 52.8431128 27.0336 9.07
215.2272687 53.0350707 27.3861 8.41
215.1249831 52.9640323 23.8994 5.37
214.9711727 52.8548739 25.2919 6.69
214.9727313 52.8563288 23.7586 4.13
215.2348673 53.0409674 24.6097 4.93
214.7447967 52.6932638 26.5657 8.25
215.1206661 52.9633593 20.8823 3.72
214.8917146 52.7994946 23.0649 6.31
215.2595926 53.0592445 23.7205 5.52
214.8635315 52.7783352 25.7786 6.05
215.2528841 53.0537507 24.8428 7.77
215.0558201 52.9147635 25.9945 6.41
214.7492605 52.69845 22.1735 4.98
215.267587 53.0640325 24.3974 5.11
215.0705632 52.9266427 22.7736 4.99
215.1373178 52.9723432 25.4973 4.63
215.0078229 52.8806789 26.6448 8.08
215.0865509 52.9362716 27.1752 8.01
215.1146832 52.956325 25.9527 6.35
214.9239924 52.8223568 24.0807 5.29
215.2606335 53.0593509 24.2322 6.03
215.1925952 53.0120144 23.6507 5.01
214.9799593 52.8610894 26.0835 6.64
214.9741002 52.856777 26.814 7.46
215.2580089 53.0567796 27.3319 9.4
215.1047476 52.9491858 26.5 3.5
215.2273481 53.0355993 26.1452 5.57
215.2582811 53.0569899 26.6086 7.29
214.8008577 52.7335822 25.99 8.18
215.1629726 52.9907247 25.1047 7.45
214.7499722 52.6987266 21.3304 3.76
214.9239611 52.8219462 23.3197 6.32
214.7842732 52.7222965 23.5658 4.08
214.9208253 52.8192821 25.7387 6.92
214.7531206 52.6995366 25.9779 6.79
215.08605 52.936119 27.063 8.38
215.0419417 52.9048285 27.3959 7.59
214.955774 52.8446259 24.3207 5.95
215.0003657 52.8754925 26.839 7.06
214.8883161 52.7961696 25.6803 6.51
215.0978023 52.9455486 22.5502 4.07
215.2748907 53.0695848 24.2832 5.64
215.1385034 52.9732943 25.9072 6.25
214.7810459 52.7194477 25.9309 7.58
214.7632843 52.706698 25.4641 8.63
214.7772664 52.7201975 20.068 3.69
215.0774276 52.9301251 26.1461 6.75
215.2574083 53.0566619 26.5149 8.96
214.9370032 52.8305249 26.8862 8.18
214.9341958 52.82852 27.1838 8.87
214.7510792 52.6984822 24.5179 5.11
214.9621269 52.8486008 25.5584 8.32
215.2616075 53.0633126 20.7485 4.18
215.1426697 52.9767709 24.3852 3.85
214.849172 52.7683213 25.3133 6.22
215.1249374 52.9637244 25.8622 6.02
215.1761217 52.9995429 26.7696 8.33
215.1023868 52.9477233 25.783 8.93
215.2551796 53.0560058 26.0285 9.16
214.9633866 52.8493678 26.8932 6.8
214.8036691 52.7356009 26.3305 8.07
215.1546057 52.9846224 25.731 5.98
214.8839714 52.7928203 26.8407 8.73
214.9642229 52.8515566 22.8116 4.52
214.9075695 52.80992 26.2846 6.16
215.0004509 52.8757763 26.353 6.81
215.234461 53.0406163 25.7081 8.17
214.966818 52.8541883 21.2314 3.5
215.2574808 53.0568211 27.5111 8.87
215.1137418 52.9557403 26.6983 7.42
214.9412409 52.8336729 26.2121 7.98
214.9382394 52.8316618 26.4212 7.2
215.1256201 52.9645042 25.037 5.84
215.2335637 53.0401531 25.5787 7.31
215.2473206 53.0501217 24.2634 4.14
214.962046 52.8486088 25.7966 6.52
215.2375675 53.0477158 20.8402 4.28
215.128195 52.9664018 25.2814 5.64
214.901569 52.8058937 24.7254 4.58
214.8568237 52.7737137 27.1254 7.78
215.0893152 52.9384688 27.8036 6.88
214.8753478 52.7874363 24.4993 5.44
215.1810529 53.0033679 24.4582 7.98
214.7501749 52.6976439 25.5604 6.46
215.0275618 52.894926 26.8615 8.03
215.0108852 52.8876275 20.1161 3.5
215.2299441 53.0373908 27.1595 7.55
214.810811 52.7412825 24.6866 4.3
215.2795245 53.0723746 25.4122 6.16
215.2531991 53.0538144 25.9574 8.6
215.0146285 52.8856615 26.8203 9.01
214.8924636 52.7997209 24.1402 6.89
215.137527 52.9734282 23.852 5.14
214.7597936 52.7050635 23.1903 3.86
215.0863 52.9370116 24.4564 5.26
214.8304125 52.7553439 25.1677 6.5
214.7936092 52.7289966 24.9982 6.03
215.2155989 53.0277816 25.5628 4.6
215.0924271 52.9410536 25.1304 5.31
215.2597742 53.058595 26.1297 6.9
214.7317646 52.6844655 25.7373 7.0
214.7951583 52.7298041 26.1479 8.41
214.8846316 52.7935369 25.859 8.2
214.995775 52.8725577 26.456 7.36
215.0653599 52.9217979 26.581 7.3
214.9822707 52.863174 25.1721 7.92
215.0003795 52.8779685 21.6729 4.19
215.2050153 53.0202297 26.0576 6.91
215.2238082 53.0333734 25.9927 7.19
214.8477947 52.7678864 24.9805 5.11
215.2586825 53.0586063 24.5851 7.62
215.0257224 52.8941345 25.08 6.79
215.0076737 52.8816621 24.4045 4.79
214.8462291 52.7666455 24.9224 5.24
214.9757853 52.8586907 25.8101 4.4
214.7292517 52.68261 25.9589 8.44
214.8888287 52.7966702 26.3286 8.76
214.8301206 52.7552085 24.7367 7.69
215.1821802 53.0039836 27.301 8.14
214.8384575 52.7611591 25.6661 6.03
215.180967 53.0032829 25.6085 8.66
214.8195155 52.747205 26.6814 8.53
215.1963178 53.0164728 21.7518 3.98
214.9560143 52.8447369 24.8097 6.0
214.9668614 52.852474 25.0034 6.69
215.0864934 52.9368299 26.1601 8.94
214.8965982 52.8030376 23.0266 5.38
214.9563006 52.8450665 25.1978 5.6
214.9660648 52.8516576 26.2545 7.44
215.2537343 53.0541809 28.1546 8.96
215.271068 53.0680158 22.5058 4.59
214.9831055 52.8639752 24.6845 7.11
214.8793417 52.7902236 25.7263 7.54
215.2174328 53.0291952 24.7107 7.5
215.2486955 53.0527787 22.8509 5.03
215.0084904 52.8823196 22.9627 4.48
215.0254237 52.8941539 24.4825 6.51
215.1812201 53.0035457 25.5869 7.68
214.8315932 52.7559544 26.6152 7.54
215.217787 53.0300874 23.466 4.07
215.2522828 53.0536671 24.5344 8.78
215.1034187 52.9490426 26.1467 5.96
214.923759 52.821835 25.6033 7.24
215.2173891 53.0290436 25.3425 8.07
215.2058525 53.0214098 24.2638 5.34
215.2600075 53.0593326 24.9039 6.64
215.2355011 53.0420612 24.4645 5.33
214.8842659 52.7936647 26.7339 5.45
215.2765411 53.0703819 27.0478 7.16
215.2585254 53.0578776 26.0432 8.35
214.7363577 52.6877641 27.0321 8.8
215.1341844 52.9722635 22.0723 7.02
215.2683717 53.0666817 21.8897 4.2
215.2607212 53.0596637 25.5839 5.33
214.8962706 52.8027825 24.0789 5.81
215.2526361 53.0542262 24.3102 5.85
215.0623772 52.9202956 24.4881 4.53
215.2585212 53.0580017 25.1849 7.77
214.780731 52.7195956 27.4791 5.32
215.2522628 53.05366 25.2197 8.29
215.0854029 52.9363679 25.715 6.5
214.7641823 52.7080569 25.8533 5.86
214.7322947 52.6851456 26.2665 6.98
214.9328876 52.8280723 26.9516 8.51
215.0563636 52.9155182 26.7564 8.05
215.1891366 53.0094971 25.3506 6.88
214.8087199 52.7398203 25.9901 6.77
215.1775499 53.0059942 19.3397 3.5
214.7386726 52.6901978 24.7477 4.2
215.2750567 53.0692805 27.3145 8.4
215.2509989 53.0526511 26.1539 7.68
215.2541129 53.0546377 28.1491 9.05
215.0264175 52.894708 25.9701 6.34
214.9198735 52.819349 24.8077 5.24
214.8202069 52.7481624 25.6009 5.91
215.0140986 52.8857484 26.927 7.24
215.0290128 52.8969804 23.6739 4.31
215.0997763 52.9467773 25.1289 6.61
214.8919243 52.7993648 25.1985 8.65
215.2167723 53.029281 24.6256 4.99
214.9668756 52.8527889 24.2321 6.42
215.2449416 53.0487281 24.9078 6.5
214.8742732 52.7865351 26.8358 8.15
214.9881596 52.8680224 24.0918 4.78
214.8218182 52.7493644 25.6558 7.42
215.0518015 52.9129083 24.6865 5.81
214.7523086 52.6998661 24.2709 4.4
214.8358083 52.7594385 24.7733 6.23
214.826062 52.7523899 25.3104 4.8
215.2695193 53.0670456 21.8853 3.91
215.2585318 53.0580775 25.2386 8.64
215.1750921 52.9995552 25.922 6.55
215.1097044 52.9533709 26.8514 7.29
215.2490782 53.0519846 24.5436 4.37
215.209491 53.0239042 25.3395 4.63
214.8836278 52.7934428 25.6535 6.59
215.2563169 53.0564043 27.3279 9.47
215.1655654 52.9927213 26.3842 8.15
214.813697 52.7433109 26.6204 8.68
215.0383289 52.9032235 25.8234 4.25
214.7881036 52.7253377 25.6721 7.48
215.2140548 53.0266605 27.279 8.83
215.0447007 52.9091968 21.1954 3.53
215.187578 53.0087841 24.0226 4.53
215.0591152 52.9179856 25.6974 4.52
214.8877664 52.7963405 25.733 7.6
215.2568818 53.0567212 27.2138 8.7
215.1650421 52.9936736 22.8609 4.45
215.1711649 52.9969485 25.3196 5.57
215.2710838 53.0668526 25.9619 8.12
214.7488615 52.6971682 25.7828 6.6
215.2643303 53.0620915 26.4176 6.88
214.8908962 52.7995834 24.6303 5.66
214.7895889 52.7270562 23.1846 3.92
215.25619 53.0566209 26.5032 9.44
214.9955025 52.8727903 26.8995 7.47
215.1336396 52.9737442 23.0836 6.54
214.7954792 52.7322942 22.6664 5.82
214.8699272 52.7836288 26.2313 7.56
215.2343542 53.0410319 26.7049 9.08
214.9677669 52.8532584 25.8338 7.81
214.84991 52.7695489 26.2583 4.99
215.2646823 53.0622794 27.4757 8.55
215.1056002 52.9512832 24.5483 6.31
214.9806624 52.8625967 25.5664 5.47
214.9088663 52.8113176 26.8657 8.03
215.2097359 53.0243722 24.1029 4.69
214.9879621 52.8681815 23.98 5.35
215.1503783 52.9824179 25.4209 5.04
215.0854505 52.936594 26.0111 5.33
215.1366284 52.9736579 23.6706 5.3
214.8414324 52.7640546 23.1134 6.34
215.0059418 52.8805125 25.2375 7.41
214.9260097 52.8234932 27.2156 7.96
215.0982501 52.9511072 18.641 3.5
215.0452854 52.909365 23.2163 5.66
214.8760557 52.7881956 26.2641 6.65
214.7565611 52.7026101 26.9842 8.92
215.25891 53.0595056 23.1882 5.8
214.758621 52.7048771 24.6082 6.04
215.0570049 52.9169137 24.617 5.5
215.2441442 53.048586 24.0691 5.03
214.7357163 52.6880174 24.8967 7.15
215.2557144 53.0563396 26.0834 9.27
214.8981151 52.8040107 25.8327 5.66
215.1033712 52.9498314 23.6982 4.98
215.2047761 53.0209365 25.0179 6.4
214.9042754 52.8083007 26.0326 6.17
215.1883796 53.0090168 26.2533 8.06
215.0814472 52.9345074 23.9112 4.46
215.1960966 53.0147757 25.1483 6.64
215.1497055 52.9818852 26.5688 7.41
215.2086563 53.023182 27.0956 7.5
215.2508196 53.0531108 25.6148 6.84
215.166099 52.9934528 26.0965 6.92
214.8356178 52.7593639 26.1735 6.99
214.8444023 52.7662973 24.5655 5.45
215.1089435 52.9537069 24.3688 5.8
215.2689399 53.0654937 27.1841 6.97
214.7695206 52.714392 22.3776 4.8
214.7282455 52.6834798 22.9508 5.05
214.9223891 52.8219152 23.9613 6.15
215.211515 53.0255722 24.978 4.33
215.2628732 53.0615332 25.5296 5.44
214.8088268 52.74047 25.4086 6.49
214.8839979 52.7943647 24.5113 4.22
215.1387021 52.9741355 27.0631 7.61
215.2710947 53.0670409 26.7473 7.7
214.8145926 52.7443213 26.5862 7.51
215.0067979 52.8809119 26.6112 8.54
215.0524901 52.9132224 27.2831 8.62
214.9637718 52.8517907 23.4819 5.57
214.8499311 52.7705707 24.7123 6.53
215.210845 53.0249232 26.4554 5.65
215.1496983 52.981885 26.7407 6.94
215.2727714 53.0681441 27.3496 8.7
214.8963658 52.8033802 24.3077 6.55
214.8522746 52.7711265 27.2896 7.89
214.8645786 52.7825699 21.283 3.85
214.9781746 52.8606248 27.219 8.48
214.9058755 52.80968 25.0779 7.81
215.1053957 52.9506389 27.055 8.1
214.8333029 52.7611649 20.2878 3.61
214.9963309 52.8737534 25.9624 6.59
215.1282018 52.9672444 24.7744 4.89
215.0268692 52.8953348 26.0227 7.95
214.8744222 52.7870514 26.965 8.75
214.8195084 52.7483351 24.6258 4.47
215.1217883 52.9625214 25.2095 6.5
215.2305301 53.0386214 27.5591 8.5
214.8848439 52.7962055 22.1287 4.12
215.028199 52.8971205 24.5707 4.74
215.2425879 53.0475277 24.9936 4.56
214.7593045 52.7052377 24.8506 6.61
214.8897138 52.7979405 27.2195 7.91
215.1229358 52.9634662 25.3166 6.86
214.9663831 52.8526665 25.6652 5.45
214.9009585 52.8064398 25.5628 6.51
214.7293323 52.683864 24.3464 7.68
214.9636669 52.8505898 26.9145 7.43
214.9879795 52.8680767 24.6288 5.57
215.024689 52.8939152 25.8878 7.82
214.8542668 52.773269 24.688 5.75
215.2524441 53.054962 24.1419 8.8
214.8557774 52.7741474 25.7523 5.34
214.7355516 52.6881404 25.3324 7.29
215.1199437 52.9620822 23.222 7.0
214.7286142 52.6835716 23.6184 6.16
214.9380254 52.8324696 25.7998 8.56
215.2476703 53.0508097 26.7507 7.61
214.7371085 52.6890514 27.2281 7.36
214.7964693 52.7317591 24.9354 3.5
215.0781306 52.9325345 24.7911 4.91
214.8190272 52.7477348 26.7829 8.39
215.1340188 52.9729544 22.3185 6.25
215.2121863 53.0261873 25.5717 6.87
214.913815 52.8158086 23.8582 4.35
215.0586353 52.9186369 23.5659 4.71
214.7883306 52.7262308 25.3251 5.3
215.033572 52.9029587 21.0471 3.56
215.2547169 53.0557738 27.6539 9.13
215.1728459 52.998282 27.6782 8.1
215.1341731 52.9828615 19.9026 3.92
214.9903928 52.8704103 24.7241 5.85
215.2042136 53.0206114 25.8584 5.23
215.2160358 53.0290126 25.8108 3.5
215.0213633 52.8918394 25.696 5.28
215.2513024 53.0535058 25.968 8.67
214.8449901 52.7666885 25.0848 5.71
215.2508703 53.0534261 25.2166 8.74
214.8157467 52.7455664 25.7539 7.85
215.1307189 52.9688993 25.3194 8.03
215.1620159 52.9911202 25.4091 5.38
215.2138528 53.027358 26.218 6.1
215.0534459 52.9143685 26.8348 5.02
215.2249943 53.0360637 24.0473 5.45
215.2523245 53.0549616 24.6064 7.53
215.2531416 53.0549081 25.3961 9.25
215.075584 52.9298646 27.1787 8.35
215.2228811 53.0339321 25.2157 5.9
214.9073492 52.8108161 26.495 7.63
214.9101127 52.8126664 27.5686 7.33
214.8355514 52.7596337 26.5517 8.26
214.7865707 52.7260492 21.234 3.52
214.8684776 52.7843331 22.2023 3.71
214.7735098 52.7157825 24.8969 7.11
214.7985331 52.7336694 24.5168 4.83
214.9039895 52.8086871 25.6633 4.78
215.1511793 52.9833841 25.8922 6.39
214.8805415 52.7933961 23.4709 5.18
215.2193196 53.0314392 25.77 7.11
215.2560525 53.0570641 26.5522 8.53
215.1657257 52.9935601 26.7555 7.72
214.8406932 52.7635077 25.8473 6.88
214.8456873 52.7670755 26.2038 7.14
214.7466066 52.6961337 26.6844 8.6
215.2479479 53.0515118 25.5371 6.44
214.9793357 52.86264 24.8335 6.11
215.1053712 52.9512908 25.4 6.99
214.7795067 52.7201317 24.8235 5.85
214.8970414 52.8037804 25.6634 5.77
215.2306626 53.0390474 27.3455 8.75
214.7947243 52.7318164 22.7374 8.52
215.0912566 52.9414886 25.1994 4.91
215.1944936 53.0139396 25.5242 7.31
214.8253477 52.7525402 26.2536 8.65
