tweakreg/CEERS_EGS_HST_v1.9_cat_radecmag.ecsv
# %ECSV 1.0
# ---
# datatype:
# - {name: RA, datatype: float64}
# - {name: DEC, datatype: float64}
# - {name: MAG, datatype: float64}
# - {name: rh, datatype: float64}
# schema: astropy-2.0
RA DEC MAG rh
[from data line 33305]
214.763214 52.8148367 24.3843 5.71
214.9810871 52.9693082 26.4707 5.69
215.0737314 53.034778 26.1833 7.2
214.8919499 52.9066454 26.3735 5.99
214.7796342 52.826385 26.0455 6.17
214.7764137 52.8231891 21.7259 4.26
214.7544672 52.8034377 26.3606 7.49
214.6962895 52.7665593 25.8149 7.0
215.1394176 53.081124 27.3426 8.36
214.821498 52.8557596 25.6957 4.81
214.7480296 52.8036415 25.3703 7.02
214.8181245 52.8526374 24.221 4.28
215.0312063 53.0051404 24.3152 5.47
214.8204525 52.8556376 25.8786 7.89
214.9399214 52.9407051 25.595 6.56
214.6837372 52.7574299 25.8783 4.52
215.0462166 53.0150894 24.5163 5.57
215.0160943 52.9941304 22.2487 4.11
214.7501649 52.8053903 24.3557 6.11
214.7231694 52.7862244 24.576 5.03
214.9589563 52.952565 25.2271 6.03
214.6187633 52.707667 25.4601 6.0
214.88548 52.9013317 26.7603 7.97
215.1570942 53.0946313 24.9959 5.19
214.8210146 52.8554163 26.7611 7.52
214.7894666 52.8334996 22.9037 3.91
215.0522071 53.021208 24.5256 5.37
214.6528086 52.7353886 22.7818 4.31
214.6730601 52.7502542 23.1813 5.97
214.8456732 52.8734857 25.9426 8.44
214.9450616 52.9439218 26.3433 6.96
215.13862 53.0822663 26.8411 8.4
214.6635418 52.7433394 24.4136 4.59
214.8189251 52.8544462 26.3694 8.07
214.6732297 52.7503561 23.5842 5.87
214.6151626 52.7079926 26.1783 7.56
215.0408981 53.0107827 26.7222 9.53
215.0771736 53.0370058 26.5466 7.88
214.9481759 52.9484966 25.205 5.44
214.6113289 52.7076953 23.2466 4.94
214.7144739 52.7797607 25.4615 6.95
214.7395009 52.7966571 26.442 6.58
214.6534337 52.7348755 23.5626 4.38
215.0302109 53.0043738 26.8703 8.01
214.6309018 52.7184366 25.0336 8.0
214.8252192 52.8590069 26.9748 8.06
214.8932452 52.9071808 21.7683 3.84
215.0738694 53.0340401 21.6896 4.82
214.9924253 52.9771736 25.8684 6.91
214.9075835 52.9176008 26.8486 7.57
214.6157121 52.7080953 25.0449 7.14
214.9720147 52.9624897 26.0289 6.52
214.8849705 52.9010615 24.039 3.92
214.7481059 52.8027546 24.2001 4.16
214.6240858 52.7147089 26.4711 8.1
214.705443 52.7732368 24.9735 4.86
214.8992122 52.9109288 25.8199 6.7
214.6786143 52.7513784 25.2152 5.94
214.8318167 52.8620285 26.03 5.33
214.7504077 52.8055372 26.3523 7.14
214.7002412 52.7695262 26.4372 6.92
214.7918199 52.8350487 25.8228 6.91
214.9949809 52.9794155 25.5518 5.17
214.9870287 52.9775527 15.4187 3.5
214.6968451 52.7670693 24.9512 7.37
214.8527076 52.8783206 23.2194 4.34
214.9453588 52.9443766 26.7975 6.29
215.0798458 53.0390845 26.7355 7.97
214.6966601 52.7711875 26.3395 7.1
214.6691833 52.7468345 25.9566 8.67
214.6970883 52.7663681 25.7507 6.86
214.7016605 52.7700542 24.2242 7.07
214.8973181 52.9093548 22.6566 4.67
214.7500263 52.8048007 24.7652 6.4
214.6596558 52.7404568 25.0931 5.36
215.0077432 52.9884799 26.4543 8.05
215.0764199 53.0365784 25.8361 5.55
215.0915083 53.0472837 27.3145 7.19
215.1583482 53.0947101 25.6796 4.8
214.7166787 52.7813228 26.0259 7.18
215.1181827 53.0677757 25.778 7.17
214.8521494 52.8778801 23.5013 5.64
214.6688608 52.74681 26.6775 8.62
214.973154 52.9626385 24.8336 5.69
215.0060976 52.9872148 26.2617 6.62
215.1088626 53.0600156 25.6055 4.84
214.828367 52.8606233 26.26 8.33
214.9767535 52.9658154 24.2851 4.8
214.7193618 52.7829928 27.2202 8.37
214.8897936 52.9043531 27.1474 9.0
214.9672936 52.9592134 25.3481 6.05
214.8709463 52.894678 25.6835 4.91
214.8456298 52.8719455 25.0436 8.1
215.0197976 52.9966849 23.831 4.42
214.7000205 52.7693811 25.4389 5.14
214.8131323 52.8501151 26.0909 6.87
214.7704617 52.8195166 26.965 7.53
214.8367042 52.8666314 27.259 7.13
214.7364488 52.7950168 26.8962 8.58
214.7887718 52.8323955 27.2036 8.92
214.7429797 52.7998951 22.998 4.47
214.828862 52.8583981 23.0408 6.48
215.067195 53.0295173 23.7701 4.43
214.9606624 52.9544007 23.5177 4.35
215.1186482 53.0658611 25.7076 4.15
215.0356835 53.0058957 26.1205 5.01
214.6865607 52.7589887 26.3744 6.81
214.8760997 52.8945647 25.4392 4.37
214.8399129 52.8686021 26.2473 8.53
215.1056389 53.0566954 26.4318 6.69
214.9257776 52.9299673 24.5124 5.15
214.7555713 52.8087087 24.8957 5.11
214.7248174 52.7869636 26.3458 7.78
215.102632 53.0618527 26.8101 8.7
214.7409923 52.7990637 27.2564 6.23
214.7280176 52.7882382 25.1662 7.03
214.7300878 52.7903256 25.4618 6.5
214.6414837 52.7266553 24.9882 5.22
214.9443226 52.9429677 25.8358 7.22
215.0229742 52.9989307 26.4492 6.06
214.9608353 52.9545433 26.6954 6.82
214.7520127 52.8057814 23.5974 5.1
214.7485873 52.8038972 25.9598 5.33
214.8513077 52.8756211 24.5981 4.8
214.9985504 52.9835391 26.0053 5.05
214.646801 52.7289625 25.2838 6.34
215.1175281 53.0650146 25.8873 6.93
215.0048802 52.984952 25.922 7.29
214.7100861 52.7765351 24.5495 5.1
214.7195073 52.7833301 26.6641 7.96
214.750763 52.8051371 26.1294 7.79
214.8949997 52.9079476 25.265 4.76
214.6714878 52.7478395 24.0639 8.48
214.8475855 52.8735423 23.6987 5.43
214.8978242 52.9092132 27.3806 5.9
215.0397067 53.0106016 26.2511 5.95
215.0571372 53.0227325 26.1059 6.73
215.0825222 53.0401759 25.3227 6.22
214.6644671 52.7427035 25.4883 6.95
214.9130999 52.9203432 22.4149 4.23
214.7018403 52.7700459 22.3588 5.83
214.8184545 52.8533619 25.0687 4.48
215.0114924 52.9905781 27.1505 8.31
214.8458918 52.8728572 25.8392 6.17
214.8283961 52.8606102 26.0965 7.8
214.8342214 52.8617545 26.8734 8.51
214.6155636 52.7080158 24.699 6.63
214.6466791 52.730143 21.1729 4.22
215.064974 53.0276702 26.2863 7.22
214.8162833 52.8522475 27.3909 7.93
214.9525459 52.9486283 24.5222 5.32
215.1174307 53.0650143 25.6892 7.62
214.7008265 52.7684168 26.5178 7.76
214.8379005 52.8668664 25.6948 5.86
214.9467803 52.9448729 25.3252 6.44
214.6406768 52.725518 25.6566 5.62
214.9253753 52.9293139 24.157 5.42
215.0443231 53.0133111 24.1804 4.64
215.0348667 53.0071499 26.7 7.83
214.7889587 52.8315134 24.686 7.73
214.862431 52.8843621 23.5177 5.36
215.1214478 53.0677654 25.5457 4.81
214.9571708 52.9520613 23.7741 5.0
214.904489 52.9147428 23.1143 4.34
215.1244723 53.06841 26.7476 6.06
215.0005867 52.9793084 26.4326 7.69
214.7539636 52.8069839 24.0072 4.36
214.9054399 52.9158509 22.4891 4.29
214.8618173 52.8835194 24.392 5.17
214.6469813 52.7299479 23.1992 6.36
214.7280801 52.7870244 25.5489 5.32
214.8540445 52.8786625 25.65 5.89
214.8820978 52.8986511 25.0229 6.28
214.8382708 52.8690979 25.365 4.85
214.7624277 52.8127264 26.1815 6.92
214.6802389 52.7541247 25.9231 6.6
214.6564634 52.737362 25.5156 5.25
214.9139809 52.9216474 26.7115 6.67
215.1186896 53.0669424 25.934 6.48
215.0133121 52.991815 25.635 4.89
214.6132258 52.7048732 22.3456 7.63
215.1605631 53.0952276 25.8912 7.27
214.6587345 52.7384008 24.1665 4.57
215.1401269 53.0818539 25.4109 5.91
215.0842852 53.0394686 26.1729 5.12
214.8456798 52.8719133 24.7291 5.97
214.7265102 52.7883002 25.1172 5.42
214.8160467 52.8513284 25.5465 5.1
214.7432864 52.7984932 23.6259 4.46
215.0707187 53.0320217 25.7081 9.04
214.6974218 52.7667434 26.8778 8.54
214.8016654 52.8415708 25.4401 7.56
215.0409629 53.0113825 25.853 7.22
214.740708 52.7976318 26.4766 4.48
214.8909419 52.9049342 27.1642 7.53
214.7362682 52.7955158 25.3373 6.36
214.6720705 52.7481702 21.4552 3.77
214.7608618 52.812414 26.1589 5.56
214.91264 52.9203048 24.8488 6.15
214.6750177 52.7514353 23.2518 4.21
214.661839 52.7411516 25.4573 5.46
214.9725424 52.9609092 24.7128 6.2
214.6804414 52.7528241 26.2448 6.23
214.7951464 52.8374171 25.2403 6.02
215.0754061 53.0350164 23.8004 7.14
214.816207 52.8513215 25.2729 5.58
214.9805834 52.9681967 26.7019 8.16
214.8905799 52.9046668 25.0833 6.85
214.6495699 52.7325986 25.7906 6.72
214.8743525 52.8919912 26.6348 7.31
214.70607 52.7725615 26.1024 7.43
215.0426999 53.0114704 23.9814 5.27
214.7170765 52.7800154 24.933 5.66
214.6746318 52.7490012 26.7394 7.15
214.8076358 52.845712 26.8394 7.99
215.1278168 53.0723593 27.3003 8.0
214.7929651 52.8307222 24.7549 5.55
214.7071646 52.7738962 25.8566 7.87
214.9020464 52.9124499 25.3983 4.38
215.0753816 53.0346423 20.497 3.82
215.013801 52.9921308 27.2083 9.2
214.7935161 52.8352973 24.4859 4.86
214.9248767 52.9289676 24.5673 5.88
215.1546535 53.0908056 25.4452 5.68
214.7700272 52.8185892 26.294 6.54
214.7601338 52.8104708 24.149 4.24
214.9574564 52.9521187 26.5773 8.11
215.0442996 53.0128477 23.9386 5.56
214.7051124 52.7722289 25.0202 6.93
214.7868345 52.8305291 25.3118 6.66
215.0422142 53.0121354 26.815 8.58
214.7443752 52.7977678 26.5179 6.24
214.9004293 52.9113549 26.8035 7.28
214.9092741 52.9173425 23.7083 6.86
215.0893766 53.0445049 25.1928 6.44
214.8155696 52.8511145 24.4515 3.97
214.6556973 52.7353801 26.5894 7.84
214.8844694 52.9000489 26.2387 4.57
214.6596635 52.7398542 23.3545 4.86
214.8473092 52.873213 22.7902 4.35
214.6586719 52.7387884 24.9984 5.76
214.7299874 52.7896321 21.0073 3.77
214.8983293 52.9090167 25.8064 6.6
214.7397227 52.7966369 24.7982 6.95
214.7604486 52.8103075 26.3506 7.35
214.6537722 52.7346234 25.2183 5.77
214.7387839 52.7951097 23.4018 4.5
215.032615 53.0059946 25.6639 4.04
214.8094095 52.8467358 26.1988 6.09
214.9264475 52.9286981 24.2532 7.17
215.1500623 53.0873315 25.8423 6.41
215.1281386 53.0771043 25.0692 7.2
214.9639065 52.9569862 25.6978 8.54
214.7730128 52.8208107 26.9624 8.51
214.7186587 52.781536 26.4901 7.5
214.8241412 52.8569932 22.0503 3.97
214.8663422 52.8882345 26.8381 7.46
214.6857672 52.7576396 24.0421 5.21
214.7598479 52.8115497 25.9879 6.4
214.8672922 52.8880474 27.2789 7.22
214.664593 52.7432064 24.8566 8.38
215.0889844 53.0447048 25.836 4.85
215.0553078 53.0209571 26.6 8.37
214.9521087 52.9464917 25.2074 5.46
214.6409993 52.7237215 25.4653 6.16
214.8784545 52.8948337 26.0932 7.6
214.9846404 52.9703583 24.9894 5.87
214.7672464 52.8159163 26.8074 8.61
214.800585 52.841471 26.7099 7.68
214.8298116 52.8607299 23.2183 5.0
214.6337836 52.7193895 22.4707 4.47
214.8940646 52.906965 25.2938 5.99
214.6692515 52.7466205 24.4483 6.65
214.9311376 52.9313423 26.7021 6.54
214.6669438 52.7355067 27.4766 8.87
214.7790291 52.8245516 26.8565 7.11
215.1077491 53.0563149 25.1147 5.55
214.7292857 52.7893077 25.476 7.57
214.9383429 52.9382352 26.86 6.83
214.9771148 52.9653965 26.5623 6.97
214.683371 52.7565557 24.4539 4.09
214.7835274 52.8275371 25.1427 7.96
214.9581838 52.9509983 24.3168 7.13
214.9008034 52.9116084 26.7672 7.18
214.827736 52.859302 27.0279 8.02
214.6393119 52.7245637 23.66 5.84
214.7495053 52.8033789 22.8173 3.84
215.0512768 53.0172781 22.693 3.97
214.9699148 52.9591353 24.7962 4.88
214.6505889 52.7314147 22.1603 4.36
214.7116717 52.7722764 26.769 7.75
214.895551 52.9075802 24.254 7.11
214.9012082 52.9116832 23.9557 6.11
215.1286823 53.07251 26.1381 7.62
214.6482179 52.7304578 24.916 4.7
214.7342979 52.7924099 26.0323 5.3
215.1002303 53.0518431 24.9545 3.5
214.7362481 52.7921686 24.9918 7.06
214.906459 52.9156533 26.6901 6.19
215.06806 53.0294246 25.6297 6.46
214.8900827 52.9031669 24.4479 4.07
214.9257618 52.9286645 21.2371 4.53
214.8955175 52.9074559 25.431 6.68
214.8258707 52.8562458 24.2528 4.47
215.0416484 53.0112865 26.4783 5.88
214.8410847 52.8686679 25.7045 4.54
214.8126118 52.8487729 26.7342 8.07
214.7134717 52.776278 24.7873 6.86
214.6383951 52.7231132 20.5579 3.55
214.9259867 52.9284297 24.7918 5.14
215.0514625 53.0180503 26.0172 6.76
214.8870096 52.9014192 25.4685 7.91
214.9264596 52.928554 23.7543 6.36
214.6614211 52.7406553 24.9737 4.91
214.9393183 52.9383116 25.6684 6.76
214.6242776 52.7138176 26.4356 8.02
214.778654 52.8246321 26.2186 7.77
214.9093271 52.9172843 22.7371 5.63
214.9498233 52.9459353 25.3279 4.88
214.9564538 52.9503583 25.2987 5.39
214.7443799 52.8000685 26.8616 8.65
214.6789122 52.7529295 24.3565 6.42
214.9702809 52.960687 25.3009 5.55
214.7389348 52.7939 24.7565 6.55
214.7765472 52.8222674 26.2361 6.03
214.9651971 52.9580804 25.9233 4.15
214.7603621 52.811541 26.3218 6.58
215.1346468 53.0750108 26.3603 8.04
215.0502893 53.0140662 25.5811 6.56
214.6273063 52.7151327 26.6327 7.84
214.9256291 52.928932 23.2756 4.58
214.7347913 52.7924139 22.018 4.44
214.6669965 52.7444813 26.15 7.21
215.0703003 53.0312688 26.0295 6.28
214.861462 52.8830988 26.1697 5.18
214.8995388 52.909596 24.9469 4.06
214.6752755 52.7489007 24.1159 6.13
214.7410901 52.7959911 25.6451 5.8
214.6530567 52.7337831 26.7901 8.78
214.9346892 52.9331887 25.8311 7.82
214.8386027 52.8666697 26.7545 8.15
214.6487438 52.7309337 23.616 4.85
215.1001679 53.0521155 23.9811 5.41
214.9241642 52.9274863 25.0394 7.02
214.8595606 52.8809868 27.0409 9.04
215.1345104 53.0785681 21.7992 3.79
214.6713454 52.7478305 23.4737 5.69
214.7286102 52.7882773 23.1576 4.93
214.9444412 52.9422967 26.464 8.25
215.1027341 53.0535411 25.9492 6.74
215.0748018 53.0329161 22.1125 4.41
214.6692805 52.7466405 25.2165 8.13
214.7889369 52.8315625 24.4625 7.25
215.1551386 53.091632 25.6359 4.8
214.8815323 52.8972823 23.5574 3.86
214.9847814 52.9706453 26.046 7.33
215.0969317 53.049807 24.4067 6.47
214.8454872 52.8702261 25.5492 6.64
214.9708113 52.9604967 24.2461 6.2
214.7067046 52.7713171 25.1822 6.57
215.1000334 53.0516063 20.9277 3.69
215.1424872 53.0813958 23.8686 4.68
214.8952603 52.9072363 25.4917 6.42
215.0993685 53.05223 25.9935 7.57
214.6540419 52.7295812 25.072 5.86
214.6784932 52.7526449 25.3914 8.18
215.0052024 52.9849191 25.706 6.33
214.7409512 52.7973682 26.2293 7.11
214.8633303 52.8844459 24.8227 5.41
214.8370141 52.8652779 26.6853 6.33
215.0132702 52.989966 27.4223 8.49
214.6343334 52.7203485 21.4593 3.86
214.8976234 52.9085861 25.5372 5.89
214.82405 52.8562172 25.2733 6.77
214.6446323 52.7277459 25.0532 6.78
214.6716829 52.7472031 23.8642 5.41
214.6200319 52.7099457 26.4707 8.81
214.8309781 52.8597011 27.2018 7.22
215.1084178 53.0562394 26.6942 7.73
214.6130383 52.704607 22.9463 6.03
214.915298 52.920809 20.613 3.68
214.7890032 52.8313752 24.9779 6.91
214.97188 52.9610839 24.673 7.33
214.9613463 52.9537961 26.3995 7.51
215.128108 53.0712314 26.5571 7.72
215.076513 53.0325927 18.1426 3.5
214.7648175 52.8127661 22.6878 6.04
214.7858333 52.828248 26.8496 7.59
214.7654383 52.8148181 24.7657 6.11
214.9007871 52.9109123 23.3052 4.99
214.8623605 52.8834136 25.8812 7.21
215.0016447 52.9822753 26.1544 5.89
214.6368327 52.72261 24.4331 5.04
214.9493202 52.945737 26.079 6.86
214.7288703 52.7882162 23.7569 5.77
214.7284376 52.7878082 26.284 7.89
214.7620648 52.8125724 26.9449 6.03
215.035862 53.0068672 26.3876 8.27
214.8594069 52.8818175 26.6527 8.01
215.1420928 53.0814326 22.3954 3.96
214.8509245 52.8801568 26.161 6.76
215.0703816 53.0303495 24.7716 5.22
214.6211041 52.7105915 25.6991 7.93
214.6911535 52.7609598 26.6477 6.63
214.826595 52.8560912 23.3129 4.99
214.7871169 52.8276546 26.1224 6.55
214.7041375 52.7670084 24.4465 4.82
214.8149724 52.8447543 26.9228 8.18
214.9468167 52.9432676 24.9673 5.97
214.9340773 52.9324136 24.2229 5.29
215.104786 53.0552527 25.0695 3.94
214.6362377 52.7221018 26.3707 6.57
214.9427219 52.940394 25.4655 7.08
215.0140632 52.9912864 25.8903 4.53
214.6659135 52.7436617 24.9043 6.36
214.6947863 52.763828 25.6747 6.27
214.651957 52.7323539 25.7066 7.3
215.0123791 52.9896094 24.5315 5.46
214.962189 52.9541646 23.1616 3.69
215.0400578 53.0094903 26.2796 6.12
215.0118887 52.989453 26.7555 8.25
215.1458258 53.0836763 23.3459 4.38
214.8471594 52.8722699 25.7494 6.74
214.9158506 52.9214127 26.7406 7.39
215.0488938 53.0148757 27.1396 7.79
214.9041368 52.9124486 23.6097 5.22
214.90608 52.916738 25.3987 7.28
215.0262363 52.999616 25.4422 5.32
214.8301364 52.8598532 27.0231 8.87
214.9107595 52.9166667 25.7934 7.0
214.89079 52.9012151 26.7615 6.82
214.9221518 52.926267 26.5904 6.99
215.098997 53.051038 27.4937 7.85
214.8956431 52.9066476 26.9271 7.8
214.9372447 52.9369101 25.552 5.86
215.1363188 53.0763523 26.041 7.67
214.6312422 52.7182031 24.6261 5.88
214.9757086 52.9634305 25.4149 5.42
215.0018353 52.9811494 26.1545 5.49
215.0010703 52.9817283 23.6638 4.44
214.986883 52.971303 25.4501 6.73
214.6809929 52.7534485 23.8968 4.31
214.7447359 52.7993065 26.4489 6.78
214.7449215 52.7991415 26.5875 7.99
215.0137755 52.9906522 25.773 6.2
215.1247235 53.0691121 26.2879 6.36
214.9206818 52.9250796 27.0738 8.05
214.7915272 52.8329358 26.1519 6.47
214.6446984 52.7280236 25.682 6.29
