tweakreg/CEERS_EGS_HST_v1.9_cat_radecmag.ecsv
# %ECSV 1.0
# ---
# datatype:
# - {name: RA, datatype: float64}
# - {name: DEC, datatype: float64}
# - {name: MAG, datatype: float64}
# - {name: rh, datatype: float64}
# schema: astropy-2.0
RA DEC MAG rh
[from data line 13953]
215.0977223 52.980167 26.3578 7.63
215.1355129 53.0066882 27.3078 7.14
214.8746242 52.8226934 25.2109 5.54
214.7760962 52.752279 25.2083 6.75
215.049273 52.9461824 26.1872 6.02
214.7914975 52.7629547 25.332 8.82
214.7307871 52.7203092 23.7145 4.6
215.2308888 53.0737926 26.8542 7.14
214.8276517 52.7887492 26.6569 8.33
214.9322579 52.8637852 23.8666 4.08
214.7347677 52.7231336 23.5617 4.36
215.039155 52.9390274 25.7136 8.41
215.0046013 52.9145448 25.7564 7.9
215.1093877 52.9902358 23.2724 5.9
214.9651343 52.8878924 23.7906 6.28
214.8381148 52.7976304 24.5172 4.08
214.9794099 52.8969052 25.9975 7.19
214.9229785 52.8568025 26.3363 4.65
214.865302 52.8157248 25.8702 5.76
215.1826457 53.0399107 26.6343 7.92
214.7650229 52.745573 23.1163 4.4
215.0367749 52.9378077 24.2855 5.38
215.014116 52.9212955 25.9679 6.19
214.7544009 52.7364271 26.5687 7.57
214.7588005 52.7405757 23.3784 5.04
214.8031566 52.7714537 26.0082 5.82
214.7805543 52.7588314 20.1869 3.64
215.0849004 52.9721879 22.0718 3.56
215.2103441 53.0598912 25.5014 6.82
215.2386491 53.0795636 24.3424 5.3
215.0767021 52.9652874 27.3369 8.24
215.1089395 52.9886567 24.1556 5.47
214.9548237 52.8793438 25.9645 8.57
215.1494912 53.0167286 26.6247 5.42
215.2072061 53.0571444 27.3066 8.14
214.8634993 52.8156024 22.8444 4.65
214.894108 52.8372097 24.4572 6.06
215.1544557 53.020192 26.6515 8.4
215.0764056 52.9668295 22.6729 4.64
215.109103 52.9887176 24.7292 5.27
214.8373243 52.7959477 25.4496 7.72
215.1314234 53.0041473 26.0982 5.4
214.9187347 52.8537305 26.4829 9.03
215.1177616 52.9944519 26.723 7.28
215.1420545 53.0120595 24.3988 5.67
214.7933993 52.7646845 24.7776 8.11
214.7873008 52.7602717 25.9999 7.79
214.9338655 52.8646094 25.879 5.58
214.9235382 52.8570274 27.069 8.16
214.8588514 52.8117137 24.8125 4.67
214.8268059 52.7887209 24.7668 3.97
215.0879488 52.97379 24.6305 4.33
214.8115986 52.7776748 25.5401 6.61
215.0534435 52.9489707 27.4436 7.97
214.8253514 52.7874437 26.067 6.27
214.8333143 52.7929767 26.311 7.47
214.8781453 52.8254318 25.0328 5.87
214.804619 52.7730348 24.7565 4.85
215.0426949 52.9418533 25.4291 5.62
215.139811 53.0099761 25.2324 8.7
214.8320232 52.7919609 27.4521 7.78
215.0603603 52.9558314 21.311 3.55
215.0859794 52.9735574 22.8867 5.05
215.1044831 52.9854784 24.9023 6.41
214.9041118 52.8434291 26.4563 7.81
215.2139463 53.0622585 26.2059 5.29
214.7480526 52.7321242 25.9076 8.29
214.8991147 52.839906 26.7422 7.63
215.1566505 53.0235016 23.2787 7.12
215.1070873 52.9879383 23.8348 5.0
215.1519564 53.0191908 24.3555 4.95
214.7049451 52.7017685 24.17 4.94
214.9051104 52.844367 25.8079 6.49
215.0678743 52.9594133 26.1398 5.03
214.8026793 52.7712693 26.6714 5.73
215.0804596 52.9683302 26.0997 7.23
215.1535763 53.0196405 27.3315 7.64
214.866888 52.8208753 18.8279 3.5
214.8784952 52.8255056 25.4006 5.14
215.2233373 53.0686459 27.1949 6.81
215.0366462 52.9388045 23.1112 5.07
214.8377794 52.7966849 24.6359 6.27
215.1801374 53.0388436 24.8331 4.99
215.0160215 52.9229035 25.9351 6.35
215.1482242 53.0160251 26.4011 5.93
214.7056644 52.702654 23.3617 4.65
215.0798315 52.9683883 24.1659 4.28
214.8254034 52.787564 25.8232 6.47
215.0813672 52.96895 26.8008 8.49
214.8978252 52.8390016 26.74 6.92
215.061548 52.9551819 26.0263 5.65
214.9216406 52.856199 25.301 7.5
215.0410151 52.9403957 26.5579 7.56
215.0195309 52.9260156 23.9203 5.42
214.92985 52.8622093 24.4963 4.37
214.916811 52.8526426 25.2879 8.36
214.9407121 52.8697297 25.2167 4.81
214.8801394 52.8267595 25.3452 6.49
215.0603767 52.9543292 26.2171 4.02
214.9088497 52.8532172 16.7301 3.5
214.9755948 52.8943329 25.5491 7.87
215.1163878 52.9979772 19.9184 3.55
215.1432256 53.015314 20.4299 3.5
214.8722423 52.8211286 25.4705 5.94
214.8691835 52.8187231 26.92 7.29
214.7052905 52.7023016 23.2639 4.64
214.8786363 52.8258549 25.3505 4.65
215.1452557 53.0148674 24.2644 7.63
214.8596967 52.8121485 26.0699 6.13
214.8413512 52.798924 27.0047 7.38
214.7907149 52.7626097 28.0265 9.01
215.1029506 52.9856121 22.2201 4.84
215.2264705 53.0712957 25.5539 5.25
214.8982345 52.8394747 26.4866 7.24
214.734684 52.7227775 25.4585 3.61
215.000428 52.9117412 27.3004 9.09
215.1834611 53.0422207 23.2708 4.94
214.8856433 52.8309983 23.9389 4.35
214.8899042 52.8336977 25.4761 6.39
215.0614983 52.9551827 25.9293 5.65
214.8381218 52.7967956 26.2561 7.7
214.9549448 52.8797996 26.2964 6.84
214.9167691 52.8526354 25.0327 8.85
214.9123659 52.8494277 26.8047 8.57
215.0579212 52.9525084 26.3424 8.59
215.0370791 52.9378056 26.0485 8.39
215.1048414 52.9855307 26.2589 8.21
215.2102778 53.0596306 26.716 8.79
215.2244822 53.0723995 20.9184 3.54
214.8962929 52.8391276 24.2516 4.83
214.9390045 52.8683353 26.7655 7.18
215.1153953 52.9938168 24.2886 5.61
214.7824308 52.756929 26.7283 7.19
215.1535461 53.0199978 26.311 7.98
215.1815163 53.0413733 22.4411 4.45
214.7445485 52.7304339 24.2571 6.26
214.8640336 52.8153608 25.069 6.33
214.8112484 52.7777594 25.5359 5.27
215.0478013 52.9523755 16.0683 3.5
214.906601 52.8471674 22.3834 6.1
214.9350956 52.868011 22.5287 4.51
214.9194508 52.8554167 25.8658 9.16
214.7683752 52.7471162 25.0221 4.44
215.1482518 53.016376 25.6091 6.0
215.2185827 53.0657002 26.6164 6.35
214.923063 52.8575578 24.2636 6.45
215.1276521 53.0022752 24.3305 4.26
214.8802832 52.8268043 25.9196 7.59
214.7887422 52.7613675 28.1088 8.85
215.075855 52.9652857 26.388 8.33
215.0812814 52.9690404 26.8862 8.89
215.0511525 52.9492885 22.953 6.09
215.2159079 53.0641785 25.0529 6.71
214.9855023 52.9019919 24.8428 5.1
214.9019504 52.8422748 25.786 7.26
214.9063231 52.8452896 26.7191 6.51
214.8855954 52.8305047 26.8163 8.36
214.8167601 52.7838213 23.6728 4.75
214.8937412 52.8372111 23.7923 4.51
215.008496 52.9182041 24.9892 6.62
215.052842 52.948957 27.5235 8.2
214.8588056 52.8121413 24.9463 6.36
215.1042311 52.9856837 24.931 5.98
214.8567507 52.8106388 24.5873 7.23
214.8533085 52.8081165 24.8853 5.79
215.1477206 53.0159072 26.634 8.81
214.8197537 52.7856287 24.2368 4.76
215.0405276 52.9418695 22.6537 4.58
214.9081498 52.8466779 26.5345 7.63
214.7881793 52.7611465 27.2344 8.82
215.1504877 53.0186821 24.3962 4.78
215.2200409 53.0668558 26.7483 5.15
214.8143157 52.7805646 24.0958 4.47
214.982715 52.8996312 26.8823 6.27
214.8123246 52.7784883 26.0984 4.54
214.8964078 52.8383626 26.2551 7.51
215.0917652 52.9836688 18.514 3.5
214.8661195 52.8182922 22.2327 4.08
214.9229586 52.8575705 24.2282 7.15
214.7695476 52.7482685 24.5829 4.81
214.9213768 52.8561802 25.5534 8.49
214.7915769 52.7635204 26.9381 8.86
214.7310183 52.7207284 24.5944 7.41
214.8541776 52.8085871 25.2735 5.93
215.1229326 52.9986406 25.9046 6.05
214.9146149 52.8534374 21.9407 4.68
215.133165 53.0063708 24.7983 4.65
214.8955774 52.8381308 25.7302 6.88
215.0311144 52.9351972 23.9055 6.86
215.2082765 53.0585482 26.9249 8.05
215.1082506 52.9882431 27.1877 7.83
214.8026916 52.7715672 26.51 7.81
215.1668267 53.0324753 21.6344 4.15
215.1190166 52.9973216 22.4098 4.18
215.2204223 53.0673341 26.0083 4.02
215.062637 52.9563498 25.6579 4.17
214.8739149 52.8223415 27.1807 8.91
214.9881584 52.9054032 20.7454 3.5
215.2204807 53.068364 21.9512 4.65
214.7315376 52.7218523 22.9917 4.56
215.0236118 52.9294722 23.1579 4.37
214.7898105 52.7625183 26.6536 8.71
215.1078082 52.9891269 23.0366 4.01
215.0086803 52.918164 26.3691 7.43
214.9265033 52.8608128 22.9083 4.42
215.1184177 52.9958855 25.0872 6.13
214.7232439 52.7154816 23.9144 5.48
214.8540861 52.808343 26.4683 6.79
215.1024412 52.9842494 26.315 7.48
214.9580265 52.8824717 25.1853 7.47
214.9191326 52.8545289 28.3926 7.91
215.2211986 53.0695279 20.7705 3.5
215.1011815 52.9842708 22.4914 3.7
214.8404308 52.7990121 25.6094 5.07
214.873319 52.8220396 27.1979 6.5
214.8604914 52.8128502 27.4103 8.84
214.9040928 52.8442501 25.5006 5.35
214.9228303 52.8574018 25.7536 6.12
215.1552772 53.0225332 22.6863 3.95
214.7555976 52.7384653 24.6294 6.64
214.9766349 52.895755 25.4983 6.25
214.919053 52.8547029 25.8766 8.81
214.9039908 52.845693 22.7289 4.88
214.8528756 52.8080297 24.8586 5.29
214.8956357 52.8381136 26.3159 6.87
214.8097003 52.7768015 25.557 7.74
214.7343435 52.722911 26.1711 3.5
215.016901 52.9250683 23.6259 6.13
215.1113336 52.9910137 25.0656 5.54
214.9376649 52.8677082 27.5403 8.19
214.9023522 52.8433871 24.7546 5.3
214.9538152 52.8798581 24.3989 5.05
214.8955936 52.8381248 25.8226 8.02
214.8494139 52.8052569 26.2163 6.03
214.8912415 52.8348145 26.8478 8.64
214.8856741 52.8310575 24.5237 6.0
214.9492212 52.8763248 25.531 6.94
214.7514324 52.73532 25.7217 5.77
214.8250525 52.7877647 26.4885 8.57
215.0820717 52.9699518 27.0577 7.55
215.0155512 52.9249697 22.4174 4.6
214.9873125 52.9032033 26.103 6.83
215.0403743 52.9413759 23.8163 4.99
214.8448793 52.8032582 23.7459 5.06
214.7652812 52.7454821 24.9495 5.52
214.7874272 52.7610651 25.9321 7.97
214.75203 52.7356864 26.5256 7.15
214.9834591 52.9003363 27.1774 7.5
215.0916196 52.9768581 26.8241 7.91
214.9738732 52.8937071 26.2018 5.59
214.850334 52.8063938 25.2373 5.33
215.0597402 52.9547708 25.0836 4.69
215.0766927 52.966763 24.9686 6.94
214.9229681 52.8576172 26.0342 5.63
214.8729063 52.8222514 25.8213 6.06
214.8334451 52.7940507 26.0513 7.55
215.1714475 53.0345636 21.1491 3.5
215.1570233 53.0235382 23.1033 3.8
215.1753053 53.0356113 27.8336 8.61
214.7077842 52.7040961 26.3193 7.77
215.0674699 52.9598579 27.0056 8.27
214.7349038 52.7234962 26.5261 7.02
214.9527771 52.8818918 22.4449 4.59
215.1299066 53.0048435 22.3258 3.67
215.1372777 53.0093188 25.7571 4.76
214.8539342 52.8086545 25.9624 6.51
215.0704794 52.9620853 26.7602 6.42
214.7698471 52.7491929 23.0149 3.68
214.7436108 52.7306098 23.6106 5.58
214.8734477 52.8224857 26.52 6.92
214.9013761 52.8427293 25.5066 4.83
215.1600982 53.0250671 27.162 7.56
214.7467429 52.7319475 27.2719 8.74
215.2235588 53.0702958 24.8477 4.87
214.8042474 52.7731107 27.2078 8.38
215.2269494 53.0719658 26.909 8.4
214.9566337 52.8821895 24.4616 5.0
214.8964187 52.8390603 25.2939 6.32
215.1422714 53.0128942 25.6164 6.27
215.2072718 53.0585379 25.4485 5.56
214.8643988 52.8160573 26.1977 6.75
214.8776156 52.8254605 26.4684 7.83
214.9458342 52.8738894 26.6373 5.87
214.9266599 52.8603546 26.3064 7.43
214.7048895 52.7043106 22.0101 4.08
214.8733146 52.8231281 23.5164 5.11
215.048688 52.9473422 24.6799 4.0
215.0201625 52.9266282 26.1366 7.28
214.9579449 52.8824647 26.2952 8.68
215.0863678 52.9736787 25.4577 7.03
215.1377195 53.0093794 27.131 7.94
214.9765935 52.896139 25.1042 5.71
215.029568 52.9363428 20.3815 3.69
215.2054203 53.0574259 24.8876 7.65
214.9929749 52.9072491 27.1726 8.26
214.8894083 52.8342345 25.4652 6.06
215.026993 52.9316289 25.7979 5.55
214.8960247 52.838708 26.106 6.76
215.0366509 52.9393405 22.9078 4.15
215.1626612 53.0295198 21.3324 3.95
215.1291226 53.003881 24.9219 6.32
214.9190008 52.8551453 26.1439 6.09
215.1567629 53.0229047 26.5996 7.97
214.9858762 52.9030126 24.4297 5.67
215.1036856 52.9856743 25.776 7.48
214.957955 52.8824999 25.7409 8.53
214.9928551 52.907296 26.3718 8.14
215.1955195 53.0500587 26.674 8.8
215.1218286 53.0001699 21.8288 4.19
215.0858316 52.9732249 25.4487 8.2
215.1700355 53.0324063 26.4957 5.66
215.1025092 52.9846809 26.7165 8.24
214.9650321 52.8880893 24.8767 6.79
215.2182966 53.0661241 27.5197 7.08
215.1129034 52.9931932 22.9516 4.74
214.9852863 52.9024899 24.9322 5.62
215.2118501 53.0616491 27.0776 7.52
214.8155402 52.7813158 26.7316 7.44
215.1432474 53.0139217 24.3282 4.8
214.9861787 52.9033973 24.2127 5.62
214.8780841 52.8262759 25.3397 6.91
214.9183718 52.8546788 25.9678 7.69
214.9223785 52.8574753 26.0117 7.14
215.0579446 52.9564402 20.596 3.67
214.8629093 52.8159488 23.517 4.76
214.836309 52.7962562 26.8111 7.07
214.7783461 52.754809 26.7573 7.57
214.7181385 52.7125231 24.4021 4.98
214.8541424 52.8091525 26.0813 5.87
215.2058824 53.0574393 27.2392 5.58
215.0835933 52.9713188 27.4531 8.57
214.7782246 52.7583498 20.4314 3.78
215.1648492 53.0293486 24.2323 4.36
214.9865215 52.9043342 23.1147 4.79
215.1764347 53.0372767 24.8263 5.64
215.1226634 52.9992685 25.7023 5.89
214.8193833 52.7841382 27.1603 6.6
215.0577775 52.9539664 24.3161 5.9
214.8307992 52.7925875 25.401 5.8
214.9833134 52.9006193 27.0298 7.31
215.0459708 52.9449464 26.634 8.78
214.6942562 52.6948118 25.0838 8.45
215.2360676 53.0785676 26.1703 7.55
215.0310967 52.9351904 24.3554 6.79
215.0366683 52.9390566 24.164 5.27
214.8577724 52.8120929 24.4482 4.78
215.1183357 52.9960973 26.0304 7.44
214.8335907 52.7942926 27.2311 8.0
215.196736 53.0527647 25.6831 4.46
215.0046493 52.9180176 21.8573 4.15
214.9470433 52.8761302 22.6334 4.39
214.6926006 52.6940271 24.2457 5.13
214.9838761 52.9013928 25.332 5.04
215.1728127 53.0350832 23.9305 4.15
215.147951 53.0172851 24.9263 4.63
215.0469595 52.9458197 25.7984 7.15
214.9791254 52.8977535 26.6107 7.39
214.7121494 52.7074792 27.4073 7.07
214.782788 52.7608667 21.2089 3.89
215.2178173 53.0659594 26.9516 6.08
215.0504555 52.948359 24.3344 3.5
214.8775464 52.8258673 26.1821 6.56
215.1246124 53.0005524 26.6798 7.56
214.9136616 52.8512994 26.1175 9.29
215.1146257 52.9934591 26.5885 8.25
214.8208667 52.7863007 23.9466 4.59
214.8781145 52.8262925 25.2057 8.0
214.7109336 52.7068434 25.6696 6.21
214.865392 52.8189375 22.343 4.35
215.1054775 52.9875732 24.5927 4.52
214.9367369 52.8699595 25.0194 5.84
214.7842494 52.7623109 19.465 3.5
215.2069282 53.0584962 25.7293 6.96
214.8867828 52.8323439 26.5296 7.77
214.6886146 52.6909495 21.8232 9.57
214.7120884 52.7078953 25.2304 6.3
214.9906117 52.9060802 21.6021 3.5
215.0551103 52.9529935 23.2537 5.82
214.7879267 52.7622611 24.7097 5.69
215.201497 53.0547151 26.2238 5.49
214.7489827 52.7341398 26.4592 7.29
215.0688633 52.961222 26.8289 8.21
215.1398982 53.011788 25.0154 5.81
214.6981629 52.698037 24.0708 5.85
215.0201971 52.927516 24.99 4.3
214.7661933 52.7465904 25.457 6.99
214.6968324 52.6967917 25.3486 7.88
215.1073933 52.9923793 20.628 4.02
215.0956539 52.9811354 23.2423 5.12
214.8623782 52.8158451 23.5437 4.65
215.1475953 53.0170059 25.8739 5.24
215.1635298 53.0292446 23.6378 6.15
214.9017613 52.8433138 25.0456 5.04
214.8456937 52.8033232 24.8837 6.69
214.9456449 52.875834 23.1529 4.31
215.0198707 52.926978 25.7691 5.27
214.8886215 52.8336871 27.1917 7.54
215.1113643 52.9920877 23.7435 4.96
214.6896202 52.691904 24.698 6.32
215.1535961 53.0212314 25.5259 6.83
215.0800388 52.9692295 27.0528 6.39
214.9228817 52.8586712 24.6352 5.23
214.9187094 52.8552843 26.2659 7.89
215.2212944 53.0697378 23.4256 5.55
215.016897 52.9253351 24.0751 5.8
214.8956682 52.8393125 24.6714 4.64
214.7856884 52.7606862 24.9097 9.23
214.9679474 52.8902515 26.608 4.85
214.8544427 52.8095113 26.8454 7.03
214.885527 52.8315706 27.3044 7.33
215.0183798 52.9258104 26.6394 7.9
214.797002 52.7690065 24.0007 4.49
215.0886409 52.9761197 23.4899 5.35
215.1764253 53.0375528 25.1916 4.97
215.0358017 52.9384479 25.2866 5.93
214.8001614 52.7709849 25.5821 5.02
214.8741948 52.8243823 24.2788 5.7
214.9249859 52.8604188 24.1262 4.62
215.119383 52.9972675 25.4081 7.28
214.9209406 52.8567029 27.3611 8.26
215.1670554 53.0309391 25.6698 6.57
214.9475556 52.8767604 23.2048 4.65
214.9276998 52.8624104 23.4045 4.15
214.831544 52.7943804 23.6875 4.01
215.1406148 53.0122025 25.7425 6.01
214.994384 52.9088901 26.2398 8.22
215.1828828 53.0417048 27.2044 8.07
215.056216 52.9553635 22.0896 4.1
215.0669051 52.960472 25.0576 5.64
215.193686 53.0505584 22.6281 4.65
214.9669053 52.8900584 24.6415 4.71
215.1719086 53.0342216 25.9129 6.92
214.9028246 52.8441891 25.8991 4.66
214.7272062 52.7187076 26.5718 8.14
215.1190113 52.9977284 23.9714 6.95
214.9337406 52.8674143 23.4518 4.61
214.9690555 52.8915475 24.4763 5.13
214.8449338 52.8029373 26.0517 7.67
214.8976266 52.840442 25.999 6.64
215.1610881 53.0264507 27.4176 8.51
215.1813792 53.0411665 25.1561 6.25
214.7523579 52.7379136 23.4197 4.46
214.8621431 52.8157763 24.2443 4.44
215.0549867 52.9518382 26.1299 7.6
214.848351 52.8052196 26.62 8.34
215.0883377 52.9759513 23.4606 4.95
215.0147407 52.9236557 25.2113 7.67
215.1191563 52.9971534 25.9363 7.61
215.2243584 53.0713909 25.6007 4.65
