tweakreg/CEERS_EGS_HST_v1.9_cat_radecmag.ecsv
# %ECSV 1.0
# ---
# datatype:
# - {name: RA, datatype: float64}
# - {name: DEC, datatype: float64}
# - {name: MAG, datatype: float64}
# - {name: rh, datatype: float64}
# schema: astropy-2.0
RA DEC MAG rh
[from data line 34206]
214.977818 52.9611183 27.0415 7.44
214.6570066 52.7340748 26.9222 8.41
214.87722 52.8920622 27.1177 7.69
214.9277395 52.9274432 26.3828 9.1
214.7296823 52.7857159 25.6277 8.31
215.006514 52.9837049 27.079 7.78
215.0919437 53.0439094 27.0761 8.78
215.0251401 52.9966677 24.839 7.51
215.1504508 53.0860192 25.5952 5.73
214.6921347 52.7599253 25.8248 8.65
214.9660577 52.954253 26.9542 8.91
215.1587635 53.090428 23.3573 4.33
214.799847 52.8371529 25.2117 4.7
214.7731184 52.8178462 27.7436 8.1
214.6667796 52.7416022 26.0899 6.03
215.1606562 53.0942276 24.0833 6.37
214.7502042 52.8011176 24.7317 4.29
215.0297645 52.999586 27.0569 7.65
215.0967909 53.0467028 24.3433 4.86
214.7409442 52.7947524 25.9397 7.89
214.9407451 52.9367105 24.9989 3.68
214.6528773 52.7317166 24.1725 5.01
215.1541938 53.087157 21.3807 4.11
215.1101653 53.0567386 27.0732 8.25
214.9711982 52.9577899 23.279 7.12
214.9890058 52.9717685 26.3384 6.9
214.7955686 52.833049 26.2645 5.92
214.9595669 52.9503969 25.2254 5.52
214.9711075 52.9580793 23.7517 6.61
215.0814727 53.0356665 27.3712 6.02
214.9707063 52.9577275 24.1762 5.39
214.7599685 52.8082287 24.0293 7.37
214.8470537 52.8690506 24.409 5.57
214.6531061 52.7342157 23.8012 5.15
214.809037 52.8419936 24.193 6.49
214.6928784 52.7584493 27.6258 8.89
214.6750266 52.7465771 20.8994 3.5
214.9646848 52.9538305 25.9706 6.68
215.1608326 53.0943157 23.7558 7.35
215.0890204 53.0408374 25.9318 7.25
215.0937018 53.0441987 23.8354 4.15
214.908719 52.9141638 26.2278 7.49
215.0324617 53.0018056 26.8896 8.93
214.9991816 52.9783668 26.8445 8.64
215.1508827 53.0844935 26.8623 8.11
214.7711116 52.8145717 25.3065 6.6
214.8200222 52.8498234 23.6221 4.73
214.9606237 52.9508268 26.8669 6.99
215.1091027 53.0555113 23.859 4.14
214.7141646 52.7749646 25.1324 5.07
214.7888673 52.8265585 25.1531 6.14
214.9362041 52.9340989 25.6067 6.47
214.7354481 52.7898436 23.3579 4.22
214.7210289 52.7803715 25.1983 5.62
214.8658312 52.8833982 26.6496 7.74
214.825569 52.8548971 25.4295 5.19
215.0063328 52.9806881 24.2894 3.55
215.0859084 53.0388146 25.7082 6.49
214.8945484 52.9046961 24.044 4.49
214.6902343 52.7566385 25.9403 8.39
214.9057369 52.9113503 23.0243 4.71
215.0595379 53.0204913 24.6074 5.34
214.7297889 52.786726 24.4825 5.83
215.0041822 52.9824183 26.4666 7.29
214.9199048 52.9209787 26.6328 8.77
215.0983425 53.0458728 26.3752 6.24
214.9750205 52.9606207 25.4191 5.57
214.6558546 52.7327101 21.4742 4.12
214.9682767 52.9560491 27.1605 6.04
215.1336368 53.0729369 26.8643 8.35
215.1522249 53.0855603 24.9775 5.69
214.8870281 52.8981777 25.0764 5.22
214.9949546 52.9757319 24.3987 3.58
215.1627615 53.0923773 23.9861 4.35
214.8805055 52.8955994 26.7962 8.78
215.1306894 53.0706404 27.1994 9.22
214.6622287 52.7377973 27.0194 8.1
215.141613 53.078357 26.562 7.84
214.9705408 52.9575405 24.6414 7.78
214.6385318 52.7208693 22.6501 6.76
215.1190503 53.0623938 26.867 6.99
214.8013795 52.8370012 25.5866 7.66
215.1172731 53.0608117 26.348 8.08
214.713142 52.7738252 24.721 6.99
214.6658133 52.7404641 25.9355 8.09
215.1062379 53.052925 26.3152 5.55
214.6465139 52.726623 24.748 4.44
214.9877019 52.9677555 26.3491 6.19
215.0468837 53.0108738 24.4078 4.28
215.02164 52.9926763 23.5248 4.48
214.6228074 52.7086049 26.404 8.26
214.8829433 52.8950639 26.8076 7.15
215.078363 53.0335857 25.2276 7.76
215.0514905 53.0147763 25.978 6.73
214.9709759 52.9573481 22.5152 4.89
215.090312 53.0422801 24.5053 6.17
214.9892603 52.9709225 24.711 4.07
214.9709537 52.9576658 22.5749 5.65
215.1180879 53.0610671 25.7092 8.02
214.7614417 52.8085707 24.7589 7.76
214.8337267 52.8596294 23.7275 4.93
214.809774 52.8435421 26.2286 3.63
214.6923479 52.7593499 24.2492 8.84
214.6678635 52.7419604 26.9505 8.17
214.9594743 52.9494792 26.3521 7.11
214.8741126 52.8889798 23.132 5.44
214.8916448 52.9017314 24.983 5.6
215.1343845 53.0730366 21.8119 3.5
214.9565698 52.9462853 26.9271 7.91
214.6741365 52.7460528 22.9429 4.3
214.7296821 52.7858036 25.3167 6.72
214.7022385 52.7661852 25.3679 5.71
214.8907886 52.9009107 25.4032 6.16
215.0108743 52.9876552 23.3187 5.8
215.0096492 52.9849857 26.4903 7.27
214.8964054 52.9040239 23.0424 6.13
214.8357286 52.8606595 25.1563 4.69
215.0141312 52.9881112 22.9381 3.96
214.7497267 52.7997686 24.6966 6.51
214.8001813 52.8361691 24.3567 5.83
215.1584132 53.0889549 24.5326 5.98
214.6587803 52.7304257 21.2112 4.55
214.6885225 52.7565878 24.8257 9.18
214.8212511 52.8514521 25.0167 4.84
215.0464571 53.0088459 20.8684 3.75
215.13295 53.0721622 26.2283 6.69
214.9919221 52.9707641 25.7012 7.8
214.8547049 52.8752621 25.5973 6.01
214.9906623 52.9701039 26.5913 7.33
215.1172439 53.0608328 26.323 8.21
215.1075693 53.0520796 23.7733 5.66
214.9706301 52.9572212 23.4645 5.56
214.761335 52.8086308 24.1568 7.0
215.1076201 53.0519701 24.7577 7.15
214.6834163 52.7525852 26.3242 7.97
215.0833612 53.0376267 23.5851 5.18
214.871471 52.8875636 27.2121 8.53
214.633425 52.7131066 25.0808 6.63
215.1603746 53.0910414 25.4066 5.77
214.8763698 52.890135 25.1609 4.93
214.8651144 52.8827822 26.629 8.49
215.1445311 53.0783968 26.2983 5.68
214.6634156 52.7385541 26.6787 7.59
214.7260309 52.7830033 24.7114 4.7
214.8686992 52.8850366 25.5869 5.56
214.7194876 52.7770793 24.4622 8.65
214.7045796 52.7680733 24.9552 6.0
214.7646006 52.8108169 25.8756 5.11
215.1608032 53.0943845 23.9736 5.24
214.7859469 52.8257417 25.9783 8.0
214.6797643 52.7501806 25.5323 6.46
215.0938782 53.0426557 24.5366 7.09
214.7849778 52.8253809 26.1095 7.7
214.9297109 52.9267741 26.0422 6.24
215.1339246 53.0722635 25.325 4.02
214.9449491 52.9394099 26.9307 8.88
215.0846747 53.0376399 25.8872 6.82
214.9190609 52.9207175 24.7789 6.11
215.1510928 53.0864752 26.092 6.16
215.0409503 53.0055354 26.1796 6.07
214.6882431 52.7565921 25.5186 7.68
214.9374261 52.9325704 24.8465 5.02
214.8820125 52.8948893 25.8347 6.47
215.1622844 53.0907904 26.0219 7.04
215.1075436 53.0540788 26.4655 6.36
214.9502641 52.9427244 25.4159 6.09
215.0420683 53.0079658 24.7419 5.21
214.8269889 52.8556352 24.1487 5.86
214.9595975 52.9504105 25.4101 6.9
214.8090342 52.8422868 25.3222 8.11
214.7200058 52.7772204 23.0272 5.86
214.83415 52.8606173 26.8603 8.36
215.0074602 52.982747 26.4503 8.07
214.7490238 52.8000336 24.65 5.98
214.8895224 52.899276 24.8511 6.51
215.1360982 53.0738421 27.3116 8.43
214.7198195 52.7770597 20.1534 3.5
214.753394 52.8369564 25.2184 6.01
214.6810655 52.7507218 26.9941 8.5
214.6240085 52.7093768 24.7918 5.55
214.9909034 52.9704502 25.9822 7.6
214.7414961 52.7919536 26.6956 7.73
214.8111805 52.8396093 24.3932 6.01
215.1275749 53.0667428 26.489 6.73
215.1029053 53.0502763 21.9433 4.32
214.9087842 52.9138134 26.5284 8.02
214.814693 52.8463713 27.2435 9.28
214.7526931 52.8002824 26.7193 8.33
215.1405132 53.0764735 22.186 3.94
214.7621154 52.8075308 27.3467 8.64
214.9229965 52.9236299 26.5275 6.88
215.0192319 52.9924815 26.6765 8.79
214.9795789 52.9636762 23.5535 5.43
214.6346265 52.7129965 26.9701 8.9
215.008117 52.981678 24.4929 7.77
214.6316189 52.7138935 24.637 5.72
214.9244765 52.9220892 25.7273 5.77
214.7819916 52.820941 23.9105 8.68
214.9812241 52.9649982 26.8876 7.65
215.1310827 53.0690134 24.0837 8.08
214.7622786 52.8082144 25.3165 6.93
214.8202998 52.8506679 24.976 5.65
214.7922571 52.8300508 26.1205 5.7
214.8514179 52.8726517 25.9866 6.15
214.7450674 52.7962934 25.6313 3.56
214.972605 52.9574489 25.7827 6.62
215.1604399 53.0907424 23.2277 4.66
215.1036697 53.0510069 26.9758 7.43
214.8328356 52.8594077 26.2925 6.87
215.0624639 53.0208939 26.7908 7.43
215.0620207 53.0214905 24.6151 3.6
215.1609206 53.0944242 23.4734 5.0
214.6891556 52.7560685 25.4787 7.91
214.6739512 52.743554 25.5604 4.55
214.921714 52.9221908 23.8651 7.95
214.9496396 52.9422522 26.5875 7.49
215.0899766 53.0413996 24.3484 4.84
214.7799575 52.8203503 25.2806 4.45
214.7665067 52.8120651 27.7125 7.74
214.763051 52.8080611 24.5868 6.7
215.102274 53.0482201 22.8316 4.7
214.785671 52.8258093 25.001 7.13
214.8532883 52.8738242 26.5062 8.31
214.8209589 52.8508728 25.1186 4.83
214.6924965 52.7589762 26.5473 9.05
215.0515289 53.0177966 26.2551 9.16
215.1217213 53.0624458 26.2663 6.1
214.6887519 52.7565542 25.1554 8.27
214.7295326 52.7905597 25.4761 6.93
214.9297984 52.9306048 22.3427 3.92
214.7679666 52.8117972 23.4122 4.58
214.9396348 52.9336292 24.9353 6.39
214.6892973 52.7557581 26.1897 7.83
214.8636807 52.8803193 25.3199 8.33
215.0002095 52.978024 25.4268 5.6
215.0965878 53.0460356 26.2223 6.94
214.9147553 52.9171093 25.3711 5.39
214.9430244 52.9363915 24.5428 5.48
214.7870519 52.8260637 24.0868 5.56
215.1276519 53.0677548 27.5201 7.35
215.0124206 52.9845677 25.2495 7.14
214.8232776 52.8519622 24.3192 5.27
215.0610562 53.0209627 27.119 8.54
215.1490191 53.0816026 24.126 4.18
215.0612443 53.0239444 23.5969 6.17
215.1352675 53.0751506 26.5353 4.5
214.9477589 52.940605 24.5887 5.0
214.7198509 52.7786197 26.658 9.0
215.1593861 53.0903006 22.8442 3.82
214.9018396 52.908247 23.5523 5.25
214.9440184 52.9371082 26.2139 6.43
214.8000009 52.8359129 26.8304 8.28
214.6292905 52.7134735 23.8056 5.09
215.0269424 52.9976592 26.5993 6.36
214.6958725 52.7586018 23.9617 9.3
215.0965595 53.0472654 23.8727 4.05
214.79363 52.8314888 24.5576 5.41
215.0828429 53.0360035 24.513 5.29
214.9015394 52.9075332 22.3156 5.61
214.9857471 52.9675419 25.4053 7.01
214.9409287 52.9353809 24.7852 5.62
215.024436 52.9956967 26.1504 8.75
214.7049656 52.7670991 26.688 8.03
214.8606431 52.8789232 26.0118 7.34
214.9217312 52.9221712 23.4872 6.87
215.0860562 53.038247 25.5167 4.91
214.9805173 52.9636865 22.1482 3.96
214.6511956 52.7276118 19.7424 3.5
214.6412596 52.7220066 24.559 6.57
214.7805064 52.820611 24.0822 4.65
215.0640356 53.0196049 27.2097 8.3
214.903369 52.9095526 25.426 5.68
214.7702167 52.8180988 24.7561 6.7
214.6905945 52.7568193 27.347 8.86
215.016913 52.9894395 24.0988 4.38
215.0678181 53.0255296 24.017 4.46
215.1435461 53.0793959 26.9348 8.06
215.0217069 52.9925405 24.3846 5.75
214.8025008 52.8371691 22.8256 3.53
214.9019664 52.9082039 23.3144 5.41
214.9500434 52.9423588 25.1383 7.62
214.9528591 52.9439354 23.0417 4.81
214.9084452 52.9120943 24.8522 4.3
215.1600927 53.0905101 26.4181 7.74
214.8554095 52.8751927 26.3862 5.2
214.7297645 52.7854125 20.7284 3.5
214.6967468 52.7588516 23.5615 7.89
214.6710793 52.7418052 26.6853 7.23
214.9919887 52.9718379 24.4687 4.43
214.6301074 52.7135109 24.6391 5.8
214.8258404 52.8543882 27.5747 8.84
214.7605439 52.8067362 25.1534 7.07
214.794849 52.8315177 22.8203 5.19
214.6296232 52.7112996 22.2086 3.61
215.0069822 52.9819725 21.3306 4.21
214.898946 52.9056061 26.4122 5.74
214.7887119 52.8275535 25.047 5.44
215.1429295 53.0781585 25.2728 7.35
215.0281531 52.9975092 25.7578 5.11
215.0570536 53.0162096 21.7064 3.6
214.8673471 52.8831351 23.8577 4.22
215.1495205 53.0827313 24.9099 4.49
215.0068703 52.9826617 26.9179 7.53
215.1606243 53.0902223 24.8191 4.62
214.8713287 52.8863045 25.8715 6.22
214.8233038 52.8523729 25.758 8.14
215.0691427 53.026625 25.4427 5.27
214.8051991 52.8429823 24.0843 5.03
214.9857571 52.9675471 25.9624 8.03
214.8005827 52.8358308 24.5814 7.05
214.939513 52.9345034 26.2074 5.85
214.8594496 52.877536 25.2281 6.19
214.702711 52.7653181 26.5294 8.87
214.8792821 52.891678 26.6318 7.42
214.9263389 52.9251904 26.2206 7.28
214.7890634 52.8246683 26.4856 8.02
214.6704591 52.7430928 26.4462 7.76
214.9910661 52.9703039 25.1118 6.86
214.9114652 52.9139795 19.0723 3.5
214.8233459 52.850604 21.2383 3.5
215.0818639 53.0345786 24.2899 6.27
214.8943344 52.9025308 26.1681 7.22
214.7622326 52.8076262 26.6916 8.27
214.9239144 52.9240298 26.877 6.04
214.6212674 52.7061256 25.966 7.5
214.6466493 52.7257145 25.5974 6.56
215.0434312 53.0082083 23.6407 4.18
214.6272821 52.7114736 25.5539 6.26
215.0170199 52.9881865 21.7145 3.52
215.1312297 53.0699887 25.2052 4.91
214.863794 52.8803633 23.6875 5.02
214.6907386 52.7572517 27.1547 8.88
214.6953388 52.7645277 25.7018 8.76
214.6883796 52.7552492 25.2628 8.09
214.8910829 52.8988357 20.1289 4.48
214.7455822 52.7958798 25.0523 4.74
215.1182588 53.0610197 26.2713 7.79
214.6282955 52.7107534 26.3031 8.1
214.6230814 52.7087768 25.052 7.51
214.8086405 52.8399324 24.2186 7.49
214.7573768 52.8031844 27.0163 7.88
214.9641034 52.9521288 24.0302 4.2
214.9802533 52.9637779 25.3917 7.87
214.6933948 52.7600443 27.2375 8.88
215.041421 53.0067785 27.211 8.94
215.0895715 53.0404906 24.392 4.27
214.8635271 52.8803341 25.5915 7.69
214.6757286 52.7450345 23.8736 6.88
214.76589 52.8103838 26.1616 8.62
214.6921603 52.7579519 25.2285 9.11
214.9887162 52.9693885 26.029 6.65
214.8960114 52.9037193 23.5671 8.76
215.11971 53.0619135 26.3837 7.25
215.0522514 53.0144862 22.8485 3.91
215.0092545 52.9837722 23.6881 5.2
215.0685424 53.0254898 24.6783 5.39
214.858945 52.879133 26.8532 8.52
215.1512809 53.0832607 22.0426 3.5
214.7591959 52.805158 26.6672 7.92
214.8298047 52.856242 24.5398 5.75
214.6575691 52.7285354 26.5691 9.06
214.6978105 52.7623722 25.5017 6.39
215.1101683 53.0548768 25.5817 5.3
214.848041 52.8682755 25.6142 7.36
214.864801 52.8810191 23.9426 4.43
214.6955315 52.7586792 26.6234 9.13
214.774382 52.8162467 24.8908 5.32
215.106427 53.0520217 25.3712 5.41
214.6130417 52.7015248 26.4388 7.79
215.0407853 53.0058247 27.3615 8.19
214.9486887 52.9407235 25.6464 6.44
214.7288162 52.7833409 23.7088 4.28
214.8149157 52.8439119 21.4068 3.98
214.837252 52.861047 26.5725 7.41
214.8539013 52.8736058 26.9044 8.11
214.6994231 52.7626925 21.4015 3.5
215.1582494 53.0884514 25.4187 4.77
214.649416 52.7267399 24.0761 4.22
214.8582284 52.8760438 24.2957 5.78
215.0203222 52.9916187 25.2731 5.21
215.0303836 52.999383 26.4367 6.34
214.8353793 52.8631942 26.6208 5.87
215.1586034 53.088724 25.6571 6.31
214.8093844 52.8419965 25.3213 5.96
215.0341602 53.0014676 26.3119 8.21
214.6705628 52.7398118 26.2715 7.66
214.9987495 52.9758566 24.7842 6.23
214.8307864 52.8566131 22.2835 4.3
214.8381314 52.8620379 24.3795 6.75
214.7482321 52.7975296 27.4272 7.34
215.1588416 53.0929443 22.7718 6.6
215.061962 53.0209655 25.8006 6.48
214.6944521 52.7594381 25.4918 9.41
215.1566843 53.0872523 25.9079 6.16
214.7345902 52.7848856 25.2152 6.55
214.9831627 52.9649392 25.6067 5.84
214.9586955 52.9473733 27.1055 8.06
214.6888336 52.755339 25.1479 8.51
214.8008105 52.8356787 24.7864 6.03
215.0364362 53.0031298 25.5253 7.21
214.7494522 52.7985322 26.4616 5.15
214.6479679 52.7293187 24.9785 4.41
214.7753315 52.8162479 23.1704 4.75
214.8581488 52.8763538 26.225 6.57
214.6908208 52.7570953 26.0682 9.38
215.036124 53.0028362 25.3603 6.62
214.6886604 52.7553034 24.3336 8.2
214.6566497 52.7324058 23.4073 5.35
214.7333401 52.787497 27.5897 8.3
215.1150861 53.0582972 25.6259 4.89
214.8862062 52.8964845 26.1093 7.21
214.8463679 52.8666673 24.8138 5.74
214.8691815 52.8841848 26.8137 7.42
214.8771014 52.8891281 27.4545 8.33
215.0973116 53.0455164 26.5632 7.6
214.8629654 52.8796636 27.6055 8.84
214.9068961 52.91163 26.1425 5.79
214.6945079 52.7597424 25.0111 8.87
214.7586584 52.8051689 26.1746 8.09
214.7351042 52.7923743 26.6565 5.03
215.0013499 52.9780319 25.8393 7.82
214.8960156 52.9037223 23.7463 7.99
214.6322223 52.7131916 26.6667 7.71
214.6892764 52.7554109 25.3754 8.87
215.0879187 53.0390545 26.5913 7.82
214.7949392 52.8293011 24.2004 5.28
214.6301767 52.7133665 25.3399 6.12
214.7458598 52.7966015 23.8723 4.11
214.8534198 52.872702 27.3439 8.86
215.0905007 53.0408816 26.6341 6.38
215.1111826 53.0551726 23.9614 5.14
214.9746985 52.9584235 25.4249 5.51
214.9759055 52.9596763 24.2014 4.36
214.9004669 52.9066104 25.0811 7.95
214.8185697 52.846301 26.0674 6.9
215.0388594 53.0050424 24.9187 5.08
214.665341 52.7764981 25.9667 7.14
215.1456601 53.0789477 26.9014 8.71
214.6735612 52.7438862 21.4948 3.91
214.7195823 52.7769639 25.2396 6.13
214.9377698 52.9319515 23.4654 4.28
215.0855023 53.037063 25.1277 6.19
214.8306523 52.8557767 27.3117 8.32
214.6664462 52.7388162 26.9999 7.51
214.7665484 52.8086879 25.1225 9.17
215.1262081 53.0661044 26.2511 6.9
214.6967181 52.758414 24.6807 8.63
214.7584317 52.8052833 24.2248 5.48
215.0201672 52.9910849 26.7788 7.63
